pathname = F:\combined\Testing\Group1_4\
t1 =

 Columns 1 through 14:

   0.93793   0.89722   0.90162   0.88550   0.83812   0.87201   0.86990   0.82036   0.83016   0.85285   0.83539   0.82348   0.80261   0.83762

 Columns 15 through 20:

   0.79225   0.82763   0.84423   0.84550   0.86807   0.86197

tnorm =  0.93793
user =  1
t2 =

 Columns 1 through 14:

   0.71085   0.21676   0.23329   0.22458   0.15780   0.28005   0.27003   0.19334   0.25945   0.22400   0.16120   0.20929   0.18983   0.20822

 Columns 15 through 20:

   0.21831   0.24467   0.16654   0.22320   0.18831   0.21869

tnorm =  0.71085
user =  1
t3 =

 Columns 1 through 14:

   0.72099   0.23509   0.25125   0.24546   0.18177   0.30644   0.29660   0.22409   0.29274   0.25115   0.18606   0.24108   0.22345   0.23708

 Columns 15 through 20:

   0.25688   0.27826   0.19025   0.25196   0.20994   0.24384

tnorm =  0.72099
user =  1
t4 =

 Columns 1 through 14:

   0.75231   0.23917   0.25551   0.25080   0.18581   0.31793   0.30673   0.23179   0.30749   0.25904   0.19044   0.25035   0.23207   0.24500

 Columns 15 through 20:

   0.26974   0.29050   0.19449   0.26077   0.21435   0.25078

tnorm =  0.75231
user =  1
t5 =

 Columns 1 through 14:

   0.70173   0.19591   0.21302   0.20123   0.13196   0.25194   0.24148   0.16123   0.22508   0.19482   0.13466   0.17617   0.15545   0.17756

 Columns 15 through 20:

   0.17961   0.20991   0.14078   0.19279   0.16424   0.19133

tnorm =  0.70173
user =  1
pathname = F:\combined\Testing\Group1_5\
t1 =

 Columns 1 through 14:

   0.93617   0.90790   0.90367   0.89606   0.84952   0.88694   0.89223   0.84828   0.83759   0.86731   0.85838   0.84281   0.81453   0.83231

 Columns 15 through 20:

   0.78292   0.84272   0.87367   0.86272   0.86649   0.86459

tnorm =  0.93617
user =  1
t2 =

 Columns 1 through 14:

   0.59609   0.19944   0.26118   0.21504   0.23197   0.23182   0.24786   0.20083   0.26168   0.23958   0.17664   0.20210   0.18531   0.21816

 Columns 15 through 20:

   0.18487   0.20175   0.18418   0.22520   0.18258   0.21245

tnorm =  0.59609
user =  1
t3 =

 Columns 1 through 14:

   0.61030   0.21484   0.28019   0.23314   0.26045   0.25288   0.26857   0.22708   0.29418   0.26497   0.19887   0.22950   0.21599   0.24882

 Columns 15 through 20:

   0.22157   0.22907   0.20449   0.25041   0.20410   0.23644

tnorm =  0.61030
user =  1
t4 =

 Columns 1 through 14:

   0.63158   0.21748   0.28588   0.23714   0.26958   0.25885   0.27468   0.23349   0.30783   0.27286   0.20288   0.23670   0.22338   0.25817

 Columns 15 through 20:

   0.23079   0.23607   0.20840   0.25755   0.20825   0.24272

tnorm =  0.63158
user =  1
t5 =

 Columns 1 through 14:

   0.58265   0.18151   0.23989   0.19446   0.20159   0.20836   0.22481   0.17253   0.22786   0.21199   0.15243   0.17281   0.15344   0.18591

 Columns 15 through 20:

   0.14825   0.17252   0.16146   0.19790   0.15862   0.18622

tnorm =  0.58265
user =  1
pathname = F:\combined\Testing\Group1_4\
t1 =

 Columns 1 through 14:

   0.93793   0.89722   0.90162   0.88550   0.83812   0.87201   0.86990   0.82036   0.83016   0.85285   0.83539   0.82348   0.80261   0.83762

 Columns 15 through 20:

   0.79225   0.82763   0.84423   0.84550   0.86807   0.86197

tnorm =  0.93793
user =  1
Genuine

t2 =

 Columns 1 through 14:

   0.71085   0.21676   0.23329   0.22458   0.15780   0.28005   0.27003   0.19334   0.25945   0.22400   0.16120   0.20929   0.18983   0.20822

 Columns 15 through 20:

   0.21831   0.24467   0.16654   0.22320   0.18831   0.21869

tnorm =  0.71085
user =  1
Genuine

t3 =

 Columns 1 through 14:

   0.72099   0.23509   0.25125   0.24546   0.18177   0.30644   0.29660   0.22409   0.29274   0.25115   0.18606   0.24108   0.22345   0.23708

 Columns 15 through 20:

   0.25688   0.27826   0.19025   0.25196   0.20994   0.24384

tnorm =  0.72099
user =  1
Genuine

t4 =

 Columns 1 through 14:

   0.75231   0.23917   0.25551   0.25080   0.18581   0.31793   0.30673   0.23179   0.30749   0.25904   0.19044   0.25035   0.23207   0.24500

 Columns 15 through 20:

   0.26974   0.29050   0.19449   0.26077   0.21435   0.25078

tnorm =  0.75231
user =  1
Genuine

t5 =

 Columns 1 through 14:

   0.70173   0.19591   0.21302   0.20123   0.13196   0.25194   0.24148   0.16123   0.22508   0.19482   0.13466   0.17617   0.15545   0.17756

 Columns 15 through 20:

   0.17961   0.20991   0.14078   0.19279   0.16424   0.19133

tnorm =  0.70173
user =  1
Genuine

pathname = F:\combined\Testing\Group1_5\
t1 =

 Columns 1 through 14:

   0.93617   0.90790   0.90367   0.89606   0.84952   0.88694   0.89223   0.84828   0.83759   0.86731   0.85838   0.84281   0.81453   0.83231

 Columns 15 through 20:

   0.78292   0.84272   0.87367   0.86272   0.86649   0.86459

tnorm =  0.93617
user =  1
Genuine

t2 =

 Columns 1 through 14:

   0.59609   0.19944   0.26118   0.21504   0.23197   0.23182   0.24786   0.20083   0.26168   0.23958   0.17664   0.20210   0.18531   0.21816

 Columns 15 through 20:

   0.18487   0.20175   0.18418   0.22520   0.18258   0.21245

tnorm =  0.59609
user =  1
Genuine

t3 =

 Columns 1 through 14:

   0.61030   0.21484   0.28019   0.23314   0.26045   0.25288   0.26857   0.22708   0.29418   0.26497   0.19887   0.22950   0.21599   0.24882

 Columns 15 through 20:

   0.22157   0.22907   0.20449   0.25041   0.20410   0.23644

tnorm =  0.61030
user =  1
Genuine

t4 =

 Columns 1 through 14:

   0.63158   0.21748   0.28588   0.23714   0.26958   0.25885   0.27468   0.23349   0.30783   0.27286   0.20288   0.23670   0.22338   0.25817

 Columns 15 through 20:

   0.23079   0.23607   0.20840   0.25755   0.20825   0.24272

tnorm =  0.63158
user =  1
Genuine

t5 =

 Columns 1 through 14:

   0.58265   0.18151   0.23989   0.19446   0.20159   0.20836   0.22481   0.17253   0.22786   0.21199   0.15243   0.17281   0.15344   0.18591

 Columns 15 through 20:

   0.14825   0.17252   0.16146   0.19790   0.15862   0.18622

tnorm =  0.58265
user =  1
Genuine

pathname = F:\combined\Testing\Group2_4\
t1 =

 Columns 1 through 14:

   0.87755   0.93441   0.90567   0.88328   0.88746   0.92156   0.89464   0.82975   0.84799   0.89719   0.88708   0.86771   0.83465   0.86825

 Columns 15 through 20:

   0.83364   0.87871   0.85907   0.87073   0.89991   0.89190

tnorm =  0.93441
user =  2
Genuine

t2 =

 Columns 1 through 14:

   0.20651   0.65609   0.25481   0.19085   0.24298   0.26060   0.30152   0.21692   0.24551   0.27370   0.19925   0.27840   0.16933   0.21721

 Columns 15 through 20:

   0.23307   0.29842   0.19738   0.23546   0.18005   0.25603

tnorm =  0.65609
user =  2
Genuine

t3 =

 Columns 1 through 14:

   0.22774   0.66868   0.27305   0.21008   0.26458   0.27542   0.32376   0.24754   0.27517   0.29464   0.21799   0.30560   0.19509   0.24095

 Columns 15 through 20:

   0.26474   0.32440   0.22155   0.25992   0.19575   0.27730

tnorm =  0.66868
user =  2
Genuine

t4 =

 Columns 1 through 14:

   0.23266   0.69737   0.27882   0.21381   0.27101   0.27902   0.33307   0.25712   0.28555   0.30179   0.22156   0.31766   0.20002   0.24715

 Columns 15 through 20:

   0.27544   0.33601   0.22731   0.26727   0.19820   0.28396

tnorm =  0.69737
user =  2
Genuine

t5 =

 Columns 1 through 14:

   0.18284   0.64470   0.23436   0.16905   0.21900   0.24370   0.27742   0.18489   0.21406   0.25059   0.17812   0.24952   0.14180   0.19112

 Columns 15 through 20:

   0.19988   0.27074   0.17101   0.20879   0.16179   0.23266

tnorm =  0.64470
user =  2
Genuine

pathname = F:\combined\Testing\Group2_5\
t1 =

